10
100
980.69 595.86 1.00
237.30 475.90 1.00
-559.74 494.51 1.00
-470.33 -457.97 1.00
-394.36 969.51 1.00
710.61 345.28 1.00
-410.68 -338.14 1.00
8.57 851.39 1.00
-563.87 617.41 1.00
221.92 -240.85 1.00
835.48 620.37 1.00
958.57 462.73 1.00
901.02 -796.61 1.00
414.68 26.89 1.00
-945.78 540.22 1.00
-896.25 528.52 1.00
830.67 -369.54 1.00
23.76 -726.26 1.00
-368.22 104.98 1.00
319.01 -145.04 1.00
281.01 711.20 1.00
231.86 -113.50 1.00
-960.69 78.40 1.00
-827.78 -274.99 1.00
612.91 -387.35 1.00
866.12 -983.60 1.00
192.84 -633.98 1.00
888.48 -878.85 1.00
-346.78 615.59 1.00
34.32 -392.76 1.00
-177.11 -975.63 1.00
-819.43 -548.20 1.00
929.19 -824.00 1.00
847.72 356.77 1.00
-198.92 -749.93 1.00
18.84 589.10 1.00
-103.62 -278.34 1.00
963.01 988.95 1.00
733.95 -677.69 1.00
760.09 478.35 1.00
-992.66 -460.10 1.00
-548.13 -491.20 1.00
-738.89 835.58 1.00
834.00 198.23 1.00
-257.05 -690.48 1.00
-921.26 -835.84 1.00
486.91 172.13 1.00
-706.14 768.25 1.00
883.84 335.66 1.00
-877.36 -778.85 1.00
786.72 -427.10 1.00
-213.08 -875.66 1.00
615.08 -684.45 1.00
-486.95 -38.22 1.00
184.59 52.52 1.00
49.83 -577.67 1.00
-163.05 -179.86 1.00
91.75 46.62 1.00
812.89 -319.18 1.00
494.93 693.64 1.00
827.79 854.24 1.00
-454.76 208.00 1.00
442.82 834.04 1.00
901.66 -761.66 1.00
-670.71 -360.23 1.00
797.11 -491.60 1.00
-363.56 374.63 1.00
555.25 629.04 1.00
855.92 -198.45 1.00
-959.70 918.89 1.00
744.46 717.87 1.00
-894.64 -818.21 1.00
-938.25 -341.83 1.00
-894.65 -837.26 1.00
-891.82 -581.48 1.00
425.63 571.68 1.00
-203.40 -985.84 1.00
988.95 -589.45 1.00
994.70 -272.83 1.00
477.81 63.52 1.00
-34.49 599.09 1.00
878.99 -178.84 1.00
-8.50 426.65 1.00
-575.10 236.57 1.00
192.10 856.10 1.00
995.12 459.21 1.00
798.29 -572.20 1.00
979.06 -794.34 1.00
172.09 -392.83 1.00
23.74 -849.12 1.00
531.53 778.32 1.00
734.32 527.34 1.00
257.08 -978.63 1.00
227.14 801.12 1.00
-743.46 492.48 1.00
-722.01 -904.38 1.00
45.17 890.77 1.00
-354.66 448.03 1.00
798.03 -475.22 1.00
124.72 971.66 1.00
100
-902.80 -90.89 1.00
-781.16 240.95 1.00
-823.02 -634.46 1.00
-461.24 74.87 1.00
366.84 -431.53 1.00
849.27 -521.71 1.00
37.80 -517.16 1.00
-913.12 -589.05 1.00
-705.30 -930.17 1.00
236.99 -903.03 1.00
982.33 446.89 1.00
0.59 -554.23 1.00
-384.81 756.74 1.00
819.83 -583.96 1.00
376.80 19.21 1.00
755.27 420.09 1.00
440.24 -457.69 1.00
-725.11 -126.59 1.00
206.98 516.74 1.00
-925.66 -416.87 1.00
-6.37 158.15 1.00
954.32 541.29 1.00
-953.38 702.24 1.00
751.33 864.45 1.00
-852.74 -531.16 1.00
177.41 -591.04 1.00
22.01 -190.44 1.00
694.87 570.61 1.00
-907.13 467.92 1.00
-266.38 -325.28 1.00
402.47 -667.39 1.00
-557.34 197.97 1.00
-680.86 516.45 1.00
-301.39 238.33 1.00
91.12 -441.82 1.00
655.59 -338.76 1.00
420.15 -70.73 1.00
593.97 255.73 1.00
686.21 -449.84 1.00
-650.98 408.97 1.00
222.95 -231.68 1.00
986.47 302.08 1.00
260.90 -764.14 1.00
178.05 -574.08 1.00
-127.85 687.90 1.00
584.54 -351.13 1.00
986.76 -650.57 1.00
172.80 -482.19 1.00
-122.06 -95.65 1.00
345.13 285.83 1.00
262.08 170.60 1.00
-94.59 -348.77 1.00
603.66 -659.66 1.00
330.25 518.20 1.00
-586.95 -418.67 1.00
5.79 555.51 1.00
116.45 -505.69 1.00
-153.62 900.90 1.00
803.82 97.67 1.00
858.99 -968.91 1.00
-736.06 -257.67 1.00
493.45 -513.39 1.00
548.97 -198.53 1.00
749.79 -421.80 1.00
-257.11 -196.49 1.00
-540.05 -851.73 1.00
-113.55 -114.51 1.00
54.72 166.92 1.00
-821.41 -650.90 1.00
445.31 628.14 1.00
757.53 -929.02 1.00
-620.92 -52.93 1.00
600.92 853.22 1.00
-203.39 484.89 1.00
-717.92 503.69 1.00
678.80 -911.25 1.00
884.36 -975.51 1.00
733.71 -385.61 1.00
-306.80 -561.85 1.00
877.26 522.35 1.00
-613.69 947.15 1.00
-278.06 718.36 1.00
-98.53 -798.77 1.00
727.09 -462.69 1.00
548.41 -347.02 1.00
-938.49 -13.36 1.00
-134.05 167.68 1.00
533.95 -344.65 1.00
216.49 -676.60 1.00
483.72 -674.47 1.00
71.93 177.17 1.00
573.39 897.56 1.00
126.29 809.91 1.00
745.43 -411.85 1.00
-908.18 467.97 1.00
197.48 376.93 1.00
-1.89 838.78 1.00
-699.95 -105.03 1.00
-242.19 -870.48 1.00
-464.85 486.30 1.00
100
983.14 -306.72 1.00
-743.97 650.37 1.00
357.91 135.15 1.00
-329.92 -928.48 1.00
711.69 -410.76 1.00
-209.67 -828.68 1.00
859.81 744.16 1.00
-451.44 -64.03 1.00
-775.13 335.46 1.00
143.26 783.75 1.00
569.90 -874.67 1.00
-68.87 -84.20 1.00
784.96 -722.45 1.00
443.80 -736.13 1.00
711.79 700.67 1.00
269.91 -817.65 1.00
-882.29 -238.80 1.00
-186.10 209.98 1.00
-998.21 -15.02 1.00
590.01 613.64 1.00
-760.18 361.86 1.00
110.96 225.14 1.00
211.11 893.51 1.00
819.79 442.45 1.00
12.12 -351.82 1.00
701.56 -303.08 1.00
-791.89 -286.83 1.00
-652.11 254.75 1.00
945.14 -738.83 1.00
-40.85 -959.25 1.00
-579.31 110.66 1.00
-427.09 28.97 1.00
-572.38 540.55 1.00
359.83 434.77 1.00
21.12 -102.22 1.00
396.54 -961.22 1.00
-285.21 913.81 1.00
-755.66 -273.05 1.00
924.85 835.65 1.00
534.41 -729.12 1.00
-852.58 544.11 1.00
954.63 866.95 1.00
634.03 -96.14 1.00
748.76 -357.64 1.00
-934.91 -489.32 1.00
-329.22 -318.10 1.00
-373.38 -121.10 1.00
-923.87 701.54 1.00
798.49 37.99 1.00
825.86 903.88 1.00
-984.53 104.31 1.00
-284.06 267.62 1.00
-800.89 -579.95 1.00
-198.02 -712.59 1.00
882.69 29.49 1.00
847.44 122.78 1.00
221.33 -84.50 1.00
555.30 -608.81 1.00
871.97 764.64 1.00
-56.39 20.33 1.00
-623.63 613.02 1.00
-967.89 -203.56 1.00
-87.21 -520.58 1.00
-102.82 793.41 1.00
980.61 -781.62 1.00
-290.87 194.21 1.00
142.08 -661.49 1.00
-839.15 150.54 1.00
576.57 -560.56 1.00
981.83 -567.63 1.00
-292.20 -189.54 1.00
-754.65 -896.59 1.00
-772.59 -724.56 1.00
53.10 -316.29 1.00
998.09 705.31 1.00
926.01 -956.61 1.00
-141.61 -328.65 1.00
-396.79 -966.85 1.00
-849.22 -563.24 1.00
-997.00 -638.63 1.00
790.20 -601.93 1.00
707.52 -84.82 1.00
301.31 -163.89 1.00
-670.19 549.29 1.00
730.27 -195.86 1.00
273.08 -149.27 1.00
203.59 -377.76 1.00
420.12 -580.15 1.00
243.58 402.23 1.00
636.71 -682.93 1.00
-627.75 547.28 1.00
378.92 -193.18 1.00
920.15 267.93 1.00
-325.26 574.49 1.00
-784.30 -633.82 1.00
855.83 288.97 1.00
608.43 594.45 1.00
899.10 858.73 1.00
-653.55 79.01 1.00
191.28 -238.75 1.00
100
784.50 801.66 1.00
-296.23 982.29 1.00
-10.34 473.90 1.00
-412.16 473.63 1.00
-460.16 -893.59 1.00
-143.16 470.49 1.00
841.47 583.34 1.00
-745.88 348.53 1.00
108.60 517.27 1.00
540.71 190.22 1.00
-726.12 334.62 1.00
672.97 -864.58 1.00
-176.38 -190.62 1.00
-125.52 508.54 1.00
-324.35 -308.99 1.00
-819.81 535.36 1.00
221.18 -782.24 1.00
406.70 -486.28 1.00
-126.54 -914.54 1.00
-324.61 -695.11 1.00
-302.43 -55.65 1.00
-352.58 873.69 1.00
327.66 718.41 1.00
-320.08 -422.71 1.00
-953.75 510.71 1.00
-540.56 -809.50 1.00
-360.85 -185.32 1.00
-552.22 -334.40 1.00
-656.06 -401.75 1.00
-535.36 630.16 1.00
-114.76 -597.31 1.00
-175.98 105.41 1.00
944.88 -148.25 1.00
-172.20 -208.94 1.00
-842.50 921.23 1.00
649.47 912.77 1.00
64.75 820.88 1.00
213.27 -933.89 1.00
-318.94 518.95 1.00
-844.31 -327.19 1.00
560.30 -629.41 1.00
881.79 430.65 1.00
-972.41 348.96 1.00
-76.12 -765.07 1.00
125.50 243.27 1.00
516.69 -298.85 1.00
-545.32 388.63 1.00
487.91 -190.08 1.00
682.12 -18.22 1.00
597.52 -869.95 1.00
167.18 384.10 1.00
203.02 724.22 1.00
42.21 -741.28 1.00
722.25 -325.95 1.00
349.91 -180.21 1.00
358.95 -42.17 1.00
-159.59 800.00 1.00
-624.29 -45.53 1.00
378.57 730.36 1.00
868.55 -371.80 1.00
-961.53 -862.06 1.00
-251.71 -14.97 1.00
-109.42 999.15 1.00
-133.60 -443.45 1.00
336.20 243.57 1.00
-375.81 963.86 1.00
-986.28 -247.67 1.00
911.02 -411.36 1.00
683.25 116.94 1.00
-496.98 -13.41 1.00
25.63 872.00 1.00
36.83 -454.25 1.00
896.80 670.55 1.00
-575.59 493.36 1.00
-624.44 878.34 1.00
-729.88 -445.95 1.00
-577.69 991.77 1.00
-823.79 -937.94 1.00
-38.03 43.78 1.00
97.42 523.35 1.00
-154.00 -68.82 1.00
206.15 46.39 1.00
457.76 809.13 1.00
144.48 9.07 1.00
159.69 -878.58 1.00
-348.29 -308.94 1.00
-69.73 980.48 1.00
-816.18 80.00 1.00
-327.18 -694.43 1.00
-4.66 203.37 1.00
-682.12 -649.15 1.00
231.75 469.90 1.00
97.53 691.48 1.00
-228.46 -623.16 1.00
563.15 -167.69 1.00
997.66 -41.61 1.00
322.26 -79.47 1.00
697.67 725.64 1.00
102.57 -788.36 1.00
-87.95 969.97 1.00
100
243.59 -912.17 1.00
-960.12 700.59 1.00
746.87 -596.50 1.00
-25.78 -969.61 1.00
-124.91 695.22 1.00
-560.45 -77.32 1.00
264.16 42.44 1.00
-654.88 849.31 1.00
-178.70 40.97 1.00
-188.38 -727.22 1.00
175.06 423.68 1.00
591.63 472.27 1.00
462.02 -517.04 1.00
-393.22 -881.94 1.00
385.23 -857.27 1.00
485.92 786.52 1.00
-273.16 -244.30 1.00
-907.83 312.89 1.00
-782.94 195.72 1.00
466.19 -714.06 1.00
596.75 -369.06 1.00
-574.02 -866.89 1.00
871.05 378.88 1.00
573.33 175.23 1.00
-136.39 -696.32 1.00
854.23 224.52 1.00
165.91 -488.06 1.00
740.02 -956.03 1.00
308.91 -583.79 1.00
300.59 -162.80 1.00
-119.80 -281.63 1.00
141.09 -879.14 1.00
311.55 -138.88 1.00
-755.26 -727.86 1.00
-812.14 837.80 1.00
462.03 449.20 1.00
243.41 -422.33 1.00
-573.18 -611.11 1.00
-128.11 -278.24 1.00
745.35 378.98 1.00
-583.79 -349.17 1.00
-952.37 -391.75 1.00
-972.78 -791.92 1.00
966.61 -434.30 1.00
-518.75 -547.05 1.00
-619.12 -178.15 1.00
898.38 831.03 1.00
667.33 780.27 1.00
-30.25 -662.43 1.00
914.45 -602.88 1.00
-158.63 994.07 1.00
-633.64 -61.56 1.00
991.33 -537.07 1.00
257.31 -794.03 1.00
-732.57 -290.03 1.00
10.06 956.28 1.00
-183.19 276.84 1.00
834.78 -709.62 1.00
967.56 -723.23 1.00
883.12 284.12 1.00
563.38 -849.08 1.00
921.57 588.93 1.00
-94.84 626.70 1.00
549.27 -510.15 1.00
495.32 -529.14 1.00
-468.37 -993.27 1.00
-95.09 -310.78 1.00
-194.04 -653.97 1.00
-729.39 86.91 1.00
-538.97 -268.35 1.00
165.04 565.94 1.00
-663.72 -520.73 1.00
-58.77 438.97 1.00
5.37 320.86 1.00
-168.56 -329.59 1.00
24.41 986.81 1.00
-593.74 -407.56 1.00
-417.71 -941.23 1.00
116.83 756.52 1.00
-122.92 793.39 1.00
245.54 848.46 1.00
-706.59 -793.19 1.00
-800.27 437.61 1.00
899.44 0.01 1.00
-774.39 207.55 1.00
350.13 -636.63 1.00
557.45 517.44 1.00
231.56 545.37 1.00
825.74 78.52 1.00
-60.62 -198.82 1.00
-301.47 -617.31 1.00
897.15 276.65 1.00
-678.92 381.24 1.00
463.98 869.03 1.00
809.16 -663.02 1.00
-833.99 285.22 1.00
621.30 -525.31 1.00
44.66 930.93 1.00
569.71 744.07 1.00
776.66 -554.65 1.00
100
864.78 332.32 1.00
815.68 146.04 1.00
-940.68 98.71 1.00
-418.31 124.82 1.00
430.02 221.17 1.00
556.38 -660.52 1.00
-630.95 -91.44 1.00
299.08 499.46 1.00
698.78 647.18 1.00
-170.05 -551.34 1.00
563.69 -529.90 1.00
450.16 -849.13 1.00
-645.69 573.97 1.00
-15.15 -78.69 1.00
-822.00 -315.78 1.00
611.43 300.01 1.00
-680.79 -962.21 1.00
-842.71 714.33 1.00
-238.26 411.90 1.00
-920.94 819.38 1.00
-52.29 -97.83 1.00
612.57 -501.92 1.00
286.94 280.08 1.00
-766.32 599.94 1.00
346.21 794.81 1.00
-198.52 -235.84 1.00
678.07 -40.19 1.00
240.12 -875.02 1.00
-553.50 -549.46 1.00
-775.67 -476.76 1.00
-607.40 -105.77 1.00
-959.36 821.67 1.00
-350.25 657.88 1.00
846.96 887.47 1.00
138.57 -459.34 1.00
764.60 684.92 1.00
-444.60 -78.55 1.00
-869.77 456.37 1.00
-733.71 -778.20 1.00
123.16 -527.58 1.00
903.19 -828.23 1.00
834.58 720.78 1.00
-305.79 -759.68 1.00
559.20 -714.89 1.00
170.20 39.80 1.00
886.49 343.34 1.00
-771.18 255.51 1.00
-46.77 448.28 1.00
-881.69 -271.15 1.00
684.75 -704.07 1.00
92.06 -899.47 1.00
-750.84 508.15 1.00
686.45 499.60 1.00
-345.15 327.70 1.00
-907.91 -668.53 1.00
544.08 168.90 1.00
483.45 519.93 1.00
-832.12 -366.02 1.00
213.90 -673.34 1.00
-756.18 324.03 1.00
209.86 -722.89 1.00
-473.55 520.03 1.00
417.36 53.14 1.00
-324.80 -595.67 1.00
112.45 898.91 1.00
-262.33 -723.26 1.00
608.71 6.55 1.00
776.50 -386.62 1.00
-138.01 63.12 1.00
879.21 809.06 1.00
554.27 -83.12 1.00
-502.99 -748.23 1.00
-815.07 -474.40 1.00
-242.15 -378.50 1.00
-872.93 -466.32 1.00
767.94 -818.90 1.00
-158.08 -129.38 1.00
626.21 233.58 1.00
-805.83 218.63 1.00
-220.95 863.55 1.00
883.53 -205.20 1.00
804.02 340.48 1.00
822.19 822.38 1.00
-638.23 659.49 1.00
-390.31 262.22 1.00
537.47 62.33 1.00
781.45 -703.72 1.00
914.20 870.67 1.00
-805.27 789.19 1.00
222.87 -488.93 1.00
815.70 482.89 1.00
924.77 67.56 1.00
217.39 -327.14 1.00
-559.27 -780.72 1.00
75.40 150.93 1.00
-227.43 -115.79 1.00
830.59 947.27 1.00
682.42 -88.89 1.00
-759.26 -66.47 1.00
166.50 478.69 1.00
100
-289.28 -703.57 1.00
491.50 917.68 1.00
335.18 981.88 1.00
-623.53 -759.99 1.00
145.94 329.44 1.00
340.38 706.90 1.00
974.63 971.28 1.00
15.31 953.41 1.00
-288.67 -636.79 1.00
-629.63 993.70 1.00
190.62 -620.19 1.00
262.42 121.97 1.00
-526.37 -545.14 1.00
-361.24 652.88 1.00
834.83 219.15 1.00
-476.27 551.56 1.00
-664.02 -742.31 1.00
114.55 197.65 1.00
849.76 -590.38 1.00
442.57 849.26 1.00
-234.04 -46.17 1.00
-309.26 -768.29 1.00
967.45 679.83 1.00
-74.46 426.14 1.00
-640.98 -249.17 1.00
-9.25 269.98 1.00
93.57 966.81 1.00
58.70 -387.86 1.00
463.18 194.85 1.00
-332.63 -816.88 1.00
482.82 -802.01 1.00
-301.78 109.00 1.00
197.13 17.94 1.00
139.86 -724.19 1.00
410.84 -719.78 1.00
-739.73 -272.43 1.00
-979.97 15.86 1.00
353.55 669.30 1.00
-409.41 -820.95 1.00
-337.15 936.21 1.00
352.27 -894.36 1.00
-782.60 -414.46 1.00
845.52 824.69 1.00
198.57 -327.36 1.00
-3.10 385.12 1.00
750.06 70.17 1.00
-873.59 594.79 1.00
560.64 285.64 1.00
-190.37 99.81 1.00
845.55 -308.21 1.00
-67.64 150.70 1.00
-2.70 939.48 1.00
-921.95 -769.99 1.00
319.67 -36.67 1.00
576.10 -986.49 1.00
509.71 -104.31 1.00
364.40 -21.04 1.00
648.99 -654.15 1.00
298.24 -620.88 1.00
-155.97 412.77 1.00
377.11 -525.16 1.00
538.76 642.43 1.00
-255.22 -693.24 1.00
258.84 574.25 1.00
687.30 269.37 1.00
-156.34 -696.83 1.00
562.89 367.18 1.00
364.39 545.15 1.00
-111.83 649.05 1.00
-858.34 219.50 1.00
213.72 315.12 1.00
714.82 444.36 1.00
294.25 -587.81 1.00
-187.70 355.52 1.00
-887.20 61.43 1.00
555.48 544.79 1.00
430.12 21.92 1.00
525.90 -442.87 1.00
101.88 175.78 1.00
-893.83 -222.70 1.00
-114.64 -914.47 1.00
-670.27 -694.99 1.00
-151.35 -416.31 1.00
546.33 767.06 1.00
-754.57 -873.16 1.00
-680.82 -598.77 1.00
-126.60 607.59 1.00
-546.54 922.84 1.00
-589.17 -671.02 1.00
-163.22 563.36 1.00
963.42 -15.99 1.00
-979.78 39.91 1.00
-27.04 -707.35 1.00
-170.82 632.86 1.00
-992.72 823.95 1.00
218.68 -169.19 1.00
950.55 997.42 1.00
-111.98 -371.00 1.00
-667.08 962.49 1.00
-239.63 -168.09 1.00
100
354.97 573.43 1.00
-731.33 578.01 1.00
387.47 53.68 1.00
237.56 346.11 1.00
549.51 569.98 1.00
-531.55 454.01 1.00
-159.90 717.73 1.00
499.21 754.36 1.00
-23.76 -802.09 1.00
-321.79 -872.71 1.00
-301.44 -109.23 1.00
310.78 941.29 1.00
579.32 -942.34 1.00
582.19 842.36 1.00
-923.31 186.74 1.00
-757.45 998.94 1.00
367.32 -106.42 1.00
280.08 389.44 1.00
689.68 194.34 1.00
187.95 -53.07 1.00
192.16 -230.23 1.00
-698.86 -915.94 1.00
214.27 -961.30 1.00
854.81 750.34 1.00
-106.20 795.68 1.00
205.98 -456.90 1.00
-386.17 260.26 1.00
639.08 -908.29 1.00
-845.37 -718.33 1.00
-738.97 65.63 1.00
199.27 242.79 1.00
-779.46 -480.68 1.00
-608.99 -526.83 1.00
-35.39 -221.84 1.00
-992.35 284.12 1.00
578.28 956.46 1.00
-397.23 -887.70 1.00
-710.57 947.05 1.00
-470.88 848.50 1.00
910.44 -706.41 1.00
-484.25 758.41 1.00
-247.16 -813.34 1.00
433.01 -939.18 1.00
-255.39 -940.07 1.00
-942.49 3.22 1.00
967.07 -174.99 1.00
513.34 665.97 1.00
-95.93 -707.36 1.00
172.39 657.54 1.00
-275.43 171.31 1.00
817.06 495.16 1.00
-119.15 950.68 1.00
28.76 995.39 1.00
996.23 803.84 1.00
515.22 -63.71 1.00
-45.06 786.80 1.00
554.77 147.62 1.00
258.24 685.37 1.00
819.53 -487.14 1.00
-658.74 808.21 1.00
178.06 -874.46 1.00
169.92 463.09 1.00
1.98 -151.07 1.00
423.87 254.24 1.00
-698.68 114.92 1.00
-257.71 248.10 1.00
-441.04 761.67 1.00
-176.21 -205.50 1.00
-711.74 -202.89 1.00
993.31 569.98 1.00
-120.05 89.69 1.00
-841.53 -751.30 1.00
82.88 -463.68 1.00
112.33 -974.97 1.00
-993.47 -782.18 1.00
686.94 -543.91 1.00
627.75 75.73 1.00
773.36 -250.10 1.00
-969.07 472.68 1.00
-142.57 -461.59 1.00
-957.58 -124.77 1.00
570.96 -168.18 1.00
-463.21 -310.10 1.00
323.60 616.64 1.00
418.57 -397.57 1.00
-299.90 -725.88 1.00
692.93 835.30 1.00
-541.36 -914.83 1.00
618.25 -86.35 1.00
-501.64 -19.60 1.00
-252.75 -300.16 1.00
959.77 919.78 1.00
403.01 -739.64 1.00
696.34 -365.65 1.00
992.54 25.09 1.00
-381.27 48.35 1.00
-525.65 -928.24 1.00
618.34 -760.67 1.00
-2.62 -861.97 1.00
-395.43 -34.47 1.00
100
277.18 543.12 1.00
113.23 606.49 1.00
-189.78 -278.28 1.00
989.36 -421.88 1.00
-478.82 -618.76 1.00
-671.25 -114.18 1.00
83.91 -143.40 1.00
-295.59 572.98 1.00
-252.58 -637.13 1.00
-644.35 134.31 1.00
43.87 -884.61 1.00
667.93 547.68 1.00
810.45 -623.87 1.00
370.75 -9.37 1.00
393.08 -609.31 1.00
-737.86 -368.06 1.00
-147.96 81.14 1.00
870.85 -654.33 1.00
673.34 -397.06 1.00
666.96 -181.37 1.00
-470.65 -69.90 1.00
-54.54 -952.71 1.00
-176.50 -766.46 1.00
-991.94 941.10 1.00
978.28 -762.24 1.00
409.74 -360.80 1.00
248.03 47.60 1.00
-349.89 -896.36 1.00
292.09 25.00 1.00
-50.08 -435.60 1.00
-557.27 551.72 1.00
889.87 -439.14 1.00
-397.47 -658.98 1.00
-66.83 180.19 1.00
887.40 854.38 1.00
-25.03 -918.21 1.00
-484.21 126.06 1.00
-870.60 439.17 1.00
-681.07 -412.45 1.00
141.74 -523.05 1.00
833.62 884.07 1.00
339.36 800.52 1.00
-243.34 -71.15 1.00
941.00 -301.56 1.00
-370.01 -371.31 1.00
593.63 -583.84 1.00
-624.54 -236.58 1.00
-227.92 968.20 1.00
643.78 457.12 1.00
-80.69 970.49 1.00
-88.74 -740.93 1.00
39.95 882.15 1.00
-506.14 -893.44 1.00
711.32 -952.84 1.00
760.48 -646.98 1.00
623.35 -871.06 1.00
-27.54 740.10 1.00
392.40 271.00 1.00
977.03 -846.49 1.00
682.23 -332.43 1.00
225.83 -509.44 1.00
999.69 -172.60 1.00
-915.34 182.90 1.00
-897.65 -352.34 1.00
-356.02 -572.51 1.00
298.84 278.63 1.00
-94.25 297.70 1.00
719.40 246.01 1.00
394.25 -222.43 1.00
514.45 819.24 1.00
-626.57 887.83 1.00
-392.88 58.14 1.00
-684.30 889.30 1.00
-133.51 -772.21 1.00
-868.22 -592.66 1.00
654.48 514.03 1.00
-750.09 -585.93 1.00
447.33 -105.68 1.00
-401.48 -563.46 1.00
-39.92 40.85 1.00
-691.49 234.62 1.00
111.27 -623.67 1.00
883.67 -80.85 1.00
-488.59 903.77 1.00
-549.14 222.95 1.00
-210.50 852.41 1.00
-391.77 -725.15 1.00
67.78 477.41 1.00
298.14 -391.67 1.00
969.73 -158.72 1.00
330.66 -151.72 1.00
-159.86 -483.24 1.00
-322.10 -521.59 1.00
844.08 -961.13 1.00
176.43 67.49 1.00
219.61 -925.68 1.00
-899.82 -534.68 1.00
-686.15 29.41 1.00
-164.76 -602.69 1.00
-78.72 -291.08 1.00
100
-636.01 -980.19 1.00
-555.27 -470.30 1.00
764.73 -365.83 1.00
926.26 866.36 1.00
815.92 -444.68 1.00
143.19 -74.44 1.00
75.53 301.05 1.00
-956.72 -39.36 1.00
20.63 -327.95 1.00
-136.73 -286.30 1.00
-55.15 555.51 1.00
923.28 936.35 1.00
-289.76 594.59 1.00
-659.92 -931.77 1.00
444.64 207.25 1.00
56.62 874.21 1.00
450.74 336.57 1.00
-3.47 574.90 1.00
-787.02 297.33 1.00
838.00 155.39 1.00
-7.18 324.13 1.00
7.70 -422.61 1.00
-215.92 -142.80 1.00
-345.73 473.52 1.00
316.09 -282.82 1.00
652.02 212.43 1.00
862.81 -288.31 1.00
786.79 -995.02 1.00
418.80 168.43 1.00
-142.83 575.75 1.00
-769.83 65.79 1.00
473.79 804.85 1.00
68.06 265.36 1.00
-903.07 174.46 1.00
-643.04 -819.28 1.00
-481.50 -636.76 1.00
516.81 -896.26 1.00
-390.43 814.24 1.00
680.17 61.12 1.00
-585.27 -523.28 1.00
26.98 652.85 1.00
782.15 850.93 1.00
618.28 -836.48 1.00
22.67 58.46 1.00
-239.38 32.24 1.00
768.11 -95.00 1.00
307.90 -605.98 1.00
201.53 540.77 1.00
-325.13 -239.00 1.00
226.30 795.28 1.00
525.53 387.56 1.00
888.47 454.45 1.00
646.81 -420.28 1.00
-28.31 -467.18 1.00
-371.41 -837.69 1.00
-550.56 -195.20 1.00
424.31 249.03 1.00
-247.15 -365.20 1.00
796.67 8.17 1.00
501.95 -932.15 1.00
-866.26 579.66 1.00
-150.15 743.60 1.00
-589.36 -633.47 1.00
-996.45 -826.96 1.00
-37.17 678.89 1.00
194.45 16.62 1.00
-140.28 707.17 1.00
-405.19 -162.47 1.00
39.45 228.87 1.00
-55.26 772.43 1.00
-177.35 -439.37 1.00
158.59 -563.39 1.00
586.05 229.49 1.00
-580.40 -604.96 1.00
-776.70 -360.50 1.00
302.25 653.67 1.00
257.52 -607.77 1.00
118.20 -740.18 1.00
-291.23 -925.70 1.00
304.80 42.81 1.00
-593.21 985.03 1.00
384.96 148.43 1.00
519.36 -131.41 1.00
-470.19 -332.71 1.00
-713.12 493.46 1.00
-517.91 871.40 1.00
-293.60 -468.89 1.00
-549.64 523.89 1.00
-563.30 441.09 1.00
-969.29 984.34 1.00
873.79 -66.64 1.00
-544.10 -13.31 1.00
-266.85 653.49 1.00
-468.35 971.56 1.00
-286.94 -590.52 1.00
-959.46 -409.71 1.00
81.03 -251.07 1.00
198.44 -572.35 1.00
-890.56 -638.22 1.00
-206.34 -422.67 1.00
